TO
[[1 0 0 0]
 [0 1 0 0]
 [0 0 1 0]
 [0 0 0 1]]
DU
[[0 0 0 1]
 [0 0 1 0]
 [0 1 0 0]
 [1 0 0 0]]
AK
[[0 0 1 0]
 [0 0 0 1]
 [1 0 0 0]
 [0 1 0 0]]
ZE
[[0 1 0 0]
 [1 0 0 0]
 [0 0 0 1]
 [0 0 1 0]]
R-
[[ 0  0 -1  0]
 [ 1  0  0  0]
 [ 0  0  0  1]
 [ 0 -1  0  0]]
Z-
[[ 0 -1  0  0]
 [ 0  0  0  1]
 [ 1  0  0  0]
 [ 0  0 -1  0]]
MI
[[-1  0  0  0]
 [ 0  0  1  0]
 [ 0  1  0  0]
 [ 0  0  0 -1]]
DE
[[ 0  0  0 -1]
 [ 0  1  0  0]
 [ 0  0  1  0]
 [-1  0  0  0]]
SE
[[ 0  0  0 -1]
 [ 0  0 -1  0]
 [ 0 -1  0  0]
 [-1  0  0  0]]
PO
[[-1  0  0  0]
 [ 0 -1  0  0]
 [ 0  0 -1  0]
 [ 0  0  0 -1]]
KT
[[ 0 -1  0  0]
 [-1  0  0  0]
 [ 0  0  0 -1]
 [ 0  0 -1  0]]
KF
[[ 0  0 -1  0]
 [ 0  0  0 -1]
 [-1  0  0  0]
 [ 0 -1  0  0]]
R+
[[ 0  1  0  0]
 [ 0  0  0 -1]
 [-1  0  0  0]
 [ 0  0  1  0]]
Z+
[[ 0  0  1  0]
 [-1  0  0  0]
 [ 0  0  0 -1]
 [ 0  1  0  0]]
PD
[[ 0  0  0  1]
 [ 0 -1  0  0]
 [ 0  0 -1  0]
 [ 1  0  0  0]]
RO
[[ 1  0  0  0]
 [ 0  0 -1  0]
 [ 0 -1  0  0]
 [ 0  0  0  1]]
