DK
[[-1  0  0  0]
 [ 0  1  0  0]
 [ 0  0 -1  0]
 [ 0  0  0  1]]
Du
[[ 0  0  1  0]
 [ 0  0  0 -1]
 [ 1  0  0  0]
 [ 0 -1  0  0]]
Gu
[[ 0  0  0 -1]
 [ 0  0  1  0]
 [ 0 -1  0  0]
 [ 1  0  0  0]]
Rb
[[ 0  1  0  0]
 [-1  0  0  0]
 [ 0  0  0  1]
 [ 0  0 -1  0]]
Mk
[[ 0  1  0  0]
 [ 0  0 -1  0]
 [ 0  0  0  1]
 [-1  0  0  0]]
Gm
[[ 0  0  0 -1]
 [ 1  0  0  0]
 [ 0 -1  0  0]
 [ 0  0  1  0]]
Es
[[ 1  0  0  0]
 [ 0  0  0 -1]
 [ 0  0  1  0]
 [ 0 -1  0  0]]
Zhk
[[ 0  0 -1  0]
 [ 0  1  0  0]
 [-1  0  0  0]
 [ 0  0  0  1]]
Np
[[ 0  0 -1  0]
 [ 0  0  0  1]
 [-1  0  0  0]
 [ 0  1  0  0]]
Ba
[[ 1  0  0  0]
 [ 0 -1  0  0]
 [ 0  0  1  0]
 [ 0  0  0 -1]]
Dzh
[[ 0 -1  0  0]
 [ 1  0  0  0]
 [ 0  0  0 -1]
 [ 0  0  1  0]]
Dr
[[ 0  0  0  1]
 [ 0  0 -1  0]
 [ 0  1  0  0]
 [-1  0  0  0]]
Ds
[[ 0  0  0  1]
 [-1  0  0  0]
 [ 0  1  0  0]
 [ 0  0 -1  0]]
Sht
[[ 0 -1  0  0]
 [ 0  0  1  0]
 [ 0  0  0 -1]
 [ 1  0  0  0]]
Gb
[[ 0  0  1  0]
 [ 0 -1  0  0]
 [ 1  0  0  0]
 [ 0  0  0 -1]]
Gs
[[-1  0  0  0]
 [ 0  0  0  1]
 [ 0  0 -1  0]
 [ 0  1  0  0]]
